boot 9999, rng = np.random.default_rng(seed=240220241138)

h1, 'cite_likelihood_num', df, 
odds_f, ci_lo_f, ci_up_f
[(1.067578407124358, (0.9232827028333402, 1.2314363480092974)),
 (1.0275136734760035, (0.8989818410108551, 1.1775431336486775)),
 (0.9726480186480186, (0.8358837383125868, 1.1357482776220287)),
 (1.0434835387397057, (0.9216424698911898, 1.1838917640009792)),
 (0.8805020463847204, (0.7499626460968692, 1.0277192184463446)),
 (0.9083126730185553, (0.6899714052287581, 1.1893619096196018))]
odds_m, ci_lo_m, ci_up_m
[(0.9997230460320574, (0.8668962813621207, 1.1569578351943992)),
 (0.9871541573358377, (0.8615800513175579, 1.1332976071203897)),
 (0.9827272727272728, (0.843415543846532, 1.1445553645385638)),
 (1.023627583168374, (0.90525018403775, 1.1590369830328737)),
 (0.9360649233543733, (0.8003653799136128, 1.0932013772638958)),
 (1.1935719503287072, (0.9234835137175939, 1.5398800103058632))]
---------------------
h2, ''credibility_num'', df_cred, 
odds_f, ci_lo_f, ci_up_f
[(1.0324786900710892, (0.8943475502164705, 1.1935772258627044)),
 (0.978222870004416, (0.8709062451091668, 1.0971827096556654)),
 (0.9659002218205718, (0.8521161101557888, 1.0976721444514261)),
 (1.1462801105563358, (0.9073835491991811, 1.4488273377830632))]
odds_m, ci_lo_m, ci_up_m
[(0.9673353566185217, (0.837504588816218, 1.1241627068704227)),
 (0.9622329719591968, (0.8589969731861986, 1.0805962489773284)),
 (1.0596585436332113, (0.9377726997654638, 1.196997952318268)),
 (1.0389001456871576, (0.8133759769765986, 1.3307528432233036))]
---------------------
h5, 'cite_likelihood_num', df_est, 
odds_f, ci_lo_f, ci_up_f
[(1.0587234690768763, (0.835901921162952, 1.3590602378871068)),
 (1.1056179775280899, (0.8819413614183722, 1.405127765072447)),
 (1.005596362364463, (0.7746907216494846, 1.3221532565994587)),
 (1.0851712595717364, (0.8937507925102498, 1.327058914102046)),
 (0.8046069014585557, (0.6320752289801379, 1.0312075983717774)),
 (0.8175740210124165, (0.550519357884797, 1.2173487376158516))]
odds_m, ci_lo_m, ci_up_m
[(0.9734899595205968, (0.761501332200641, 1.2561218161209609)),
 (1.1563127266593574, (0.9144790812141099, 1.473533442441472)),
 (1.0222222222222221, (0.7846651559571202, 1.3317827500665196)),
 (1.0062906493229555, (0.8207907190438184, 1.241074136156828)),
 (0.8525312855517633, (0.6690629282175609, 1.0870967741935484)),
 (0.998250728862974, (0.6762981251446647, 1.4814814814814814))]
---------------------
h6, ''credibility_num'', df_cred_est, 
odds_f, ci_lo_f, ci_up_f
[(1.0383785080355, (0.7828152158049065, 1.4027074035168026)),
 (1.022129416282642, (0.8233497260954449, 1.265209867022946)),
 (0.9500301490223104, (0.7554681930322965, 1.1927791672305559)),
 (1.0132611184008486, (0.685981177260692, 1.5464129746785833))]
odds_m, ci_lo_m, ci_up_m
[(1.114707198567958, (0.8370357888697232, 1.5023588151373712)),
 (0.9576121164437451, (0.7705119214586256, 1.186872254695814)),
 (1.0381134897634852, (0.8299387255340998, 1.2983563081254024)),
 (0.8236385779736703, (0.5415760333063904, 1.2715389185977422))]